0000000000000000000000000000000000000000000000000000000000000000
79f0049259904c009ff9c4b592bf50dd7ab391820928e9e8d7b525d2097e4064
4
21
1
1
0000000000000000000000000000000000000000000000000000000000000000 0 0000000000000000000000000000000000000000000000000000000000000000
1
123 da2876b3eb31edb4436fa4650673fc6f01f90de2f1793c4ec332b2387b09726f
60476e6f37e049eafa1282f21b99a4978efda21c2cd05a1940c2b5cd349eee13
bf498d7bfb235d08a8567dcdb653dacd979ec669c88a8a766c00b4c500140f93
1
1
1
1
a6011cb4acf58f2727045df24d92f801c6d6d5b4067fec85fdd7324436df2133 0 da2876b3eb31edb4436fa4650673fc6f01f90de2f1793c4ec332b2387b09726f
1
116. da2876b3eb31edb4436fa4650673fc6f01f90de2f1793c4ec332b2387b09726f
